256 1985
1 18
1 43
1 131
1 159
1 168
1 172
1 179
1 201
1 215
1 217
1 218
1 242
1 249
1 255
2 37
2 68
2 72
2 78
2 86
2 106
2 124
2 141
2 147
2 149
2 153
2 180
2 227
2 228
3 6
3 7
3 18
3 22
3 24
3 44
3 46
3 48
3 85
3 126
3 153
3 187
3 220
3 252
4 8
4 27
4 47
4 89
4 105
4 108
4 137
4 147
4 154
4 170
4 174
4 207
4 215
4 220
4 246
5 14
5 36
5 52
5 62
5 66
5 73
5 87
5 93
5 98
5 99
5 102
5 209
5 230
5 244
6 10
6 13
6 38
6 49
6 60
6 69
6 76
6 79
6 85
6 96
6 98
6 201
6 210
6 224
6 233
6 238
6 246
7 13
7 21
7 22
7 54
7 58
7 115
7 130
7 133
7 163
7 185
7 235
7 245
8 19
8 43
8 60
8 73
8 91
8 104
8 121
8 157
8 171
8 181
8 195
8 203
8 210
8 230
8 253
9 22
9 23
9 50
9 53
9 67
9 113
9 130
9 139
9 159
9 169
9 177
9 197
9 198
9 230
9 234
9 242
9 252
10 23
10 37
10 51
10 58
10 59
10 68
10 78
10 91
10 101
10 111
10 153
10 156
10 162
10 188
10 190
10 199
10 207
10 233
10 247
10 248
11 57
11 63
11 70
11 94
11 95
11 108
11 114
11 121
11 156
11 166
11 192
11 202
11 212
11 214
11 217
11 218
11 229
11 232
11 238
11 244
11 255
12 33
12 37
12 58
12 80
12 82
12 92
12 109
12 119
12 122
12 175
12 190
12 196
12 210
12 221
12 227
12 251
12 253
13 49
13 53
13 73
13 98
13 103
13 107
13 110
13 133
13 145
13 153
13 162
13 188
13 226
13 242
13 256
14 26
14 31
14 55
14 81
14 94
14 130
14 155
14 184
14 219
14 233
14 234
14 254
15 16
15 19
15 31
15 45
15 59
15 69
15 71
15 77
15 95
15 128
15 144
15 193
15 196
15 198
15 203
15 231
16 37
16 63
16 81
16 86
16 123
16 137
16 172
16 173
16 179
16 181
16 201
16 202
16 223
16 253
17 42
17 44
17 48
17 64
17 77
17 80
17 160
17 179
17 182
17 222
17 227
17 247
18 32
18 57
18 98
18 104
18 137
18 141
18 169
18 190
18 203
18 207
18 243
18 255
19 22
19 53
19 59
19 99
19 121
19 122
19 143
19 152
19 200
19 225
20 36
20 42
20 72
20 89
20 91
20 92
20 95
20 111
20 140
20 143
20 148
20 162
20 164
20 216
20 239
21 47
21 67
21 71
21 74
21 99
21 124
21 135
21 157
21 163
21 171
21 196
21 197
21 212
21 246
21 256
22 34
22 43
22 52
22 55
22 95
22 99
22 100
22 101
22 108
22 116
22 151
22 191
22 211
22 223
22 231
22 243
22 247
23 34
23 43
23 74
23 80
23 82
23 84
23 101
23 136
23 142
23 146
23 147
23 188
23 210
23 240
24 51
24 55
24 82
24 102
24 116
24 123
24 129
24 144
24 171
24 175
24 181
24 182
24 184
24 187
24 241
24 249
25 26
25 35
25 62
25 80
25 114
25 120
25 135
25 155
25 162
25 191
25 192
25 201
25 204
25 205
25 216
25 236
25 239
26 40
26 42
26 56
26 84
26 96
26 124
26 125
26 129
26 141
26 163
26 166
26 174
26 194
26 202
26 209
26 224
27 34
27 40
27 52
27 59
27 135
27 154
27 165
27 191
27 194
27 210
27 238
27 241
27 254
28 30
28 33
28 48
28 52
28 63
28 64
28 75
28 91
28 124
28 128
28 141
28 178
28 179
28 184
28 204
28 217
28 234
28 235
28 250
28 253
29 31
29 55
29 66
29 73
29 76
29 104
29 110
29 119
29 130
29 141
29 155
29 180
29 209
29 223
29 243
30 32
30 46
30 57
30 80
30 82
30 96
30 114
30 129
30 138
30 176
31 35
31 53
31 110
31 117
31 156
31 158
31 159
31 185
31 195
31 197
31 212
31 216
31 242
31 243
31 245
32 37
32 41
32 58
32 82
32 102
32 118
32 124
32 129
32 130
32 147
32 148
32 149
32 151
32 172
32 180
32 185
32 217
32 233
33 40
33 49
33 58
33 88
33 116
33 127
33 130
33 146
33 149
33 160
33 163
33 164
33 197
33 198
33 218
33 227
33 249
34 54
34 66
34 92
34 101
34 111
34 112
34 131
34 180
34 186
34 204
34 231
34 233
34 241
35 61
35 101
35 134
35 143
35 150
35 201
35 207
35 217
35 233
35 252
36 51
36 73
36 90
36 105
36 116
36 174
36 176
36 184
36 222
36 251
36 253
37 58
37 113
37 128
37 150
37 161
37 203
37 230
37 240
37 254
38 39
38 47
38 55
38 76
38 105
38 114
38 153
38 177
38 179
38 189
38 211
38 221
38 230
38 249
39 40
39 84
39 96
39 107
39 109
39 129
39 174
39 197
39 201
39 203
39 206
39 220
39 235
39 238
39 255
40 68
40 97
40 108
40 155
40 158
40 167
40 208
40 217
40 235
40 236
41 59
41 61
41 62
41 74
41 79
41 138
41 176
41 183
41 193
41 198
41 211
41 218
41 222
41 233
42 57
42 84
42 85
42 97
42 110
42 158
42 160
42 193
42 199
42 221
42 223
42 231
42 244
43 115
43 124
43 180
43 186
43 196
43 226
43 233
43 243
44 63
44 90
44 97
44 104
44 118
44 140
44 186
44 200
44 202
44 223
44 253
45 51
45 66
45 99
45 109
45 116
45 119
45 152
45 186
45 206
45 217
45 220
45 248
46 65
46 122
46 136
46 162
46 164
46 184
46 190
46 212
46 214
46 220
46 246
47 69
47 95
47 122
47 128
47 130
47 155
47 197
47 201
47 203
47 249
48 77
48 113
48 114
48 128
48 158
48 166
48 168
48 179
48 180
48 186
48 238
48 239
49 108
49 115
49 116
49 137
49 139
49 142
49 155
49 156
49 171
49 206
49 216
49 236
49 245
50 55
50 63
50 72
50 79
50 114
50 125
50 142
50 151
50 193
50 207
50 243
51 52
51 103
51 114
51 147
51 164
51 169
51 214
51 232
52 63
52 65
52 71
52 87
52 104
52 121
52 152
52 179
52 180
52 187
52 188
52 206
52 214
52 239
52 255
53 57
53 85
53 97
53 123
53 128
53 137
53 143
53 148
53 226
53 241
54 88
54 117
54 134
54 137
54 151
54 160
54 172
54 176
54 215
54 226
54 235
54 240
55 66
55 72
55 79
55 89
55 97
55 107
55 131
55 143
55 158
55 225
55 226
56 58
56 64
56 73
56 79
56 88
56 118
56 133
56 162
56 182
56 215
56 220
56 237
57 70
57 83
57 88
57 92
57 107
57 118
57 126
57 135
57 186
57 203
57 211
57 233
57 241
58 78
58 81
58 108
58 142
58 151
58 154
58 195
58 216
58 239
58 251
58 255
59 117
59 126
59 156
59 162
59 172
59 183
59 189
59 202
59 207
59 228
59 236
60 62
60 70
60 71
60 76
60 120
60 123
60 138
60 174
60 176
60 191
60 192
60 253
61 85
61 110
61 120
61 123
61 127
61 130
61 133
61 137
61 142
61 180
61 218
61 226
61 237
61 241
62 64
62 69
62 75
62 93
62 121
62 133
62 172
62 173
62 180
62 217
63 81
63 96
63 118
63 137
63 150
63 158
63 216
63 219
63 225
63 229
63 234
64 90
64 103
64 145
64 165
64 174
64 182
64 210
64 231
65 69
65 75
65 80
65 87
65 98
65 108
65 123
65 130
65 139
65 140
65 153
65 154
65 181
65 189
65 192
65 204
65 219
66 80
66 85
66 94
66 115
66 120
66 143
66 159
66 168
66 170
66 180
66 214
66 218
66 227
66 237
66 240
66 244
67 77
67 88
67 102
67 120
67 127
67 168
67 183
67 192
67 209
67 234
67 236
68 82
68 87
68 97
68 136
68 180
68 210
68 230
68 245
69 72
69 106
69 120
69 128
69 129
69 153
69 185
69 189
70 95
70 105
70 119
70 123
70 153
70 155
70 161
70 204
70 211
70 227
70 229
70 232
70 233
71 73
71 130
71 145
71 151
71 165
71 166
71 170
71 192
71 202
71 212
71 255
72 135
72 137
72 141
72 142
72 166
72 199
72 211
72 219
72 229
72 234
72 242
72 253
73 77
73 103
73 120
73 130
73 140
73 202
73 210
73 228
73 229
73 241
73 244
73 251
74 85
74 100
74 102
74 150
74 208
75 94
75 104
75 111
75 116
75 128
75 135
75 178
75 184
75 197
75 207
75 212
75 234
75 246
76 79
76 86
76 90
76 92
76 94
76 96
76 111
76 142
76 146
76 166
76 178
76 188
77 79
77 91
77 98
77 104
77 113
77 117
77 119
77 143
77 171
77 178
77 216
77 217
77 223
78 88
78 109
78 113
78 136
78 208
78 209
78 211
78 241
79 85
79 132
79 137
79 155
79 177
79 181
79 217
79 244
80 81
80 85
80 100
80 111
80 134
80 163
80 168
80 193
80 195
80 198
80 200
80 249
80 250
81 85
81 96
81 97
81 104
81 129
81 149
81 167
81 170
81 175
81 184
81 187
81 190
81 191
81 217
81 223
81 245
81 256
82 162
82 187
82 190
82 211
82 213
82 221
82 236
83 119
83 120
83 122
83 138
83 145
83 173
83 177
83 182
83 219
83 238
83 251
83 256
84 88
84 100
84 109
84 140
84 141
84 155
84 164
84 180
84 182
84 192
85 86
85 101
85 107
85 138
85 143
85 164
85 170
85 188
85 235
86 103
86 115
86 119
86 142
86 159
86 165
86 179
86 187
86 201
87 98
87 104
87 118
87 133
87 139
87 149
87 153
87 175
87 178
87 215
87 222
87 232
88 99
88 112
88 131
88 147
88 151
88 167
88 225
88 240
89 92
89 93
89 98
89 120
89 135
89 177
89 185
89 193
89 207
89 239
89 254
90 91
90 128
90 134
90 137
90 186
90 190
90 192
90 244
90 248
91 96
91 103
91 105
91 109
91 187
91 204
92 97
92 98
92 111
92 113
92 132
92 134
92 148
92 157
92 171
92 175
92 177
92 178
92 196
92 198
92 219
92 242
92 252
93 97
93 117
93 155
93 168
93 171
93 176
93 179
93 188
93 211
93 227
93 230
93 231
93 241
93 245
94 106
94 110
94 149
94 150
94 177
94 184
94 185
94 194
94 202
94 212
95 165
95 196
95 203
95 207
95 234
95 251
96 112
96 130
96 159
96 195
96 214
96 222
96 239
96 242
96 248
97 108
97 176
97 184
97 206
97 225
97 241
98 103
98 157
98 189
98 192
98 213
98 214
98 240
99 115
99 116
99 118
99 124
99 137
99 138
99 146
99 174
99 215
99 224
99 238
100 154
100 182
100 186
100 191
100 216
100 222
100 230
100 248
100 249
100 254
101 103
101 116
101 168
101 183
101 186
101 204
101 218
101 230
101 237
101 247
102 104
102 111
102 112
102 118
102 141
102 142
102 156
102 168
102 207
102 212
102 222
102 245
103 109
103 133
103 152
103 187
103 221
103 229
103 250
104 151
104 166
104 200
104 201
104 222
104 233
104 247
105 118
105 120
105 127
105 160
105 197
105 207
105 208
105 210
105 212
105 230
106 127
106 145
106 171
106 184
106 216
106 220
106 231
106 239
106 251
107 125
107 137
107 142
107 152
107 161
107 189
107 191
107 250
108 124
108 176
108 197
108 202
108 203
108 204
108 222
108 249
109 161
109 174
109 206
109 235
109 240
109 242
110 131
110 134
110 144
110 147
110 155
110 163
110 176
110 178
110 180
110 216
110 227
110 252
111 122
111 126
111 135
111 196
111 239
112 114
112 117
112 124
112 127
112 137
112 150
112 171
112 179
112 183
112 208
112 213
112 216
112 223
112 243
112 251
112 252
113 129
113 135
113 144
113 183
113 208
113 244
114 131
114 143
114 145
114 148
114 197
114 233
114 236
114 246
114 251
114 252
115 118
115 130
115 153
115 162
115 163
115 210
115 211
115 227
115 229
115 231
115 232
116 172
116 173
116 187
116 201
116 212
116 224
116 227
116 231
116 254
117 176
117 193
117 204
117 227
117 229
117 237
117 245
118 153
118 247
119 148
119 183
119 199
119 200
119 201
119 206
119 222
119 228
119 230
119 241
119 253
120 134
120 152
120 156
120 168
120 202
120 205
120 224
120 236
121 133
121 135
121 137
121 181
121 182
121 193
121 196
121 205
121 230
121 251
122 134
122 153
122 167
122 174
122 184
122 206
122 208
123 140
123 149
123 179
123 205
123 208
123 212
123 221
123 240
123 247
124 140
124 147
124 163
124 191
124 201
124 224
124 247
125 134
125 143
125 152
125 153
125 154
125 158
125 177
125 183
125 195
125 200
125 208
125 242
125 248
126 137
126 155
126 200
126 205
126 212
126 249
126 256
127 131
127 132
127 137
127 151
127 152
127 154
127 169
127 190
127 226
128 136
128 155
128 168
128 180
128 198
128 201
128 228
128 250
128 254
129 135
129 145
129 168
129 169
129 171
129 175
129 180
129 184
129 194
129 248
130 135
130 144
130 175
130 205
130 251
131 132
131 142
131 156
131 164
131 168
131 172
131 195
131 198
131 200
131 224
131 237
132 139
132 141
132 143
132 147
132 150
132 167
132 191
132 201
132 209
132 215
132 223
132 225
132 241
133 138
133 139
133 150
133 156
133 160
133 171
133 209
133 228
133 238
134 140
134 182
134 199
134 207
134 231
134 243
134 246
135 178
135 181
135 196
135 204
135 208
135 209
135 211
135 213
135 224
135 235
135 245
136 151
136 181
136 190
136 196
136 203
136 235
136 238
136 254
137 157
137 158
137 197
137 211
137 256
138 147
138 149
138 161
138 164
138 182
138 203
138 210
138 214
138 218
139 145
139 233
139 234
139 243
139 256
140 145
140 160
140 164
140 174
140 183
140 185
140 228
140 232
140 244
141 146
141 154
141 159
141 194
141 217
141 219
141 229
142 147
142 156
142 182
142 198
142 236
142 241
143 148
143 162
143 214
143 221
143 234
143 243
144 146
144 147
144 168
144 172
144 182
144 185
144 193
144 204
144 221
144 247
145 147
145 152
145 156
145 160
145 190
145 194
145 204
145 205
145 207
145 213
145 215
145 241
146 157
146 161
146 205
146 227
146 234
147 206
147 234
148 154
148 162
148 166
148 169
148 206
148 211
148 217
148 219
148 223
148 233
148 238
148 243
149 183
149 192
149 213
149 248
149 254
150 160
150 193
150 196
150 216
150 229
151 166
151 218
151 225
151 229
151 241
151 246
152 176
152 197
152 204
152 228
152 241
152 243
153 210
153 234
153 244
154 165
154 180
154 184
154 194
154 201
154 219
154 230
154 233
154 247
155 168
155 169
155 174
155 175
155 207
155 218
155 222
155 238
156 195
156 247
157 169
157 172
157 243
157 252
158 170
158 181
158 186
158 209
158 226
158 238
158 239
158 252
159 205
159 217
159 228
159 247
160 214
160 219
160 223
160 236
160 238
160 255
161 180
161 215
161 232
161 240
162 197
162 199
162 205
162 213
162 220
162 224
162 241
163 202
163 233
163 237
163 240
164 173
164 189
164 195
164 222
164 243
165 176
165 219
165 223
165 239
165 242
165 244
165 252
166 188
166 221
166 222
166 233
166 244
167 174
167 189
167 190
167 191
167 253
167 255
168 184
168 186
168 194
168 206
168 223
168 248
168 254
169 178
169 197
169 207
169 216
169 224
169 232
169 249
170 202
170 210
170 212
170 226
170 237
170 249
171 176
171 199
171 207
171 249
172 174
172 212
172 213
172 233
172 250
172 255
173 178
173 195
173 215
173 239
174 179
174 180
174 192
174 218
174 219
174 232
174 234
174 235
174 237
175 199
175 205
175 220
175 234
175 245
175 247
175 255
176 181
176 198
176 240
177 180
177 214
177 226
177 249
177 251
178 185
178 190
178 205
178 220
178 231
178 242
178 244
178 249
178 254
179 184
179 198
179 223
180 221
181 187
181 250
182 190
182 218
182 251
182 256
183 198
183 208
184 205
184 207
184 213
184 236
184 254
185 187
185 224
185 233
185 248
185 254
186 197
186 198
186 201
186 218
186 227
187 191
187 196
187 211
187 227
187 232
187 233
187 241
187 248
188 198
188 203
188 207
188 233
188 243
188 249
189 193
189 202
189 227
189 236
189 248
190 216
190 219
190 242
190 243
190 250
191 202
191 223
191 228
191 232
191 252
192 207
193 194
193 200
193 252
194 251
195 224
195 239
195 240
195 253
196 200
196 205
196 223
196 244
196 252
197 212
197 213
197 240
197 244
197 254
198 199
198 226
198 242
198 255
200 205
200 218
200 237
200 244
201 213
201 231
201 233
201 251
202 223
202 225
202 228
202 245
203 231
203 235
203 239
203 252
204 208
204 209
205 237
205 238
206 215
206 253
207 208
207 221
207 223
207 250
207 251
208 230
208 245
208 254
209 216
209 221
209 229
209 237
210 214
210 220
210 250
211 225
211 253
212 222
212 248
213 238
213 246
214 240
215 224
215 240
216 224
216 235
217 218
217 226
217 231
217 246
218 229
218 230
218 238
218 245
218 248
219 226
220 222
220 234
221 230
221 250
222 228
222 232
222 245
222 255
224 225
224 231
225 249
226 248
227 234
227 236
227 238
227 251
228 244
229 256
230 243
230 253
231 240
231 256
232 247
234 239
236 239
236 255
237 252
238 240
238 244
238 255
240 245
240 248
241 256
242 243
242 248
250 256

