4
5715.7584 3278.6962
3870.5535 4086.7950
3823.2104 4080.7543
3574.4323 170.2905
4521.4796 144.9156
4984.6486 306.2896
5063.1061 347.1661
6099.9959 2095.9358
2
6044.4737 2567.9978
5752.5635 3226.5140
5148.8242 3802.9292
4598.8042 4036.8000
50
7891.6953 2232.1532
7867.8927 2359.4395
7856.6617 2401.1945
7845.4960 2437.5239
7776.2759 2606.1931
7488.3742 3005.3427
7480.7920 3013.1610
7370.9381 3117.9774
7367.4034 3121.1171
7241.0900 3225.5720
7187.9409 3265.5989
6980.6524 3404.3547
6812.6974 3500.5611
6790.4021 3512.4237
6743.6995 3536.6448
6631.2056 3591.7128
6612.0256 3600.6672
6429.8065 3679.9998
6313.9229 3725.5019
6166.9518 3778.2551
5967.1386 3841.9219
5954.2634 3845.7274
5841.3051 3877.6589
5820.2328 3883.3330
5528.1667 3953.3745
5336.6960 3991.1210
4516.5611 4087.9468
4426.7453 4092.5928
3595.3349 4082.2839
3207.3974 4044.0413
2954.7950 4007.0147
2783.0255 3976.0466
2505.0899 3915.3136
2460.8005 3904.3519
1931.8163 3742.4915
1839.3670 3707.5944
1608.9981 3610.3438
1505.6641 3561.3603
1148.7434 3359.8734
1083.2017 3316.1116
1038.6331 3284.8574
865.1225 3149.4118
727.4143 3021.5286
553.8380 2818.7121
552.0625 2816.2806
544.6354 2806.0056
541.3934 2801.4664
300.0416 2090.6375
314.6618 1924.4796
326.2611 1865.2757
342.3268 1802.3210
384.7656 1679.9244
493.9377 1469.2297
531.6837 1412.3329
820.5552 1089.6324
1229.8176 789.2673
1394.5983 695.5352
1556.8541 613.9235
1719.1204 541.2331
1891.1625 472.5828
1919.6943 461.9596
2229.1132 359.1925
2408.0211 309.1950
2426.0575 304.5058
2583.4914 266.1688
2718.4672 236.8594
3952.4808 101.5076
4100.4045 100.0000
4862.3074 140.6565
4931.8464 148.5085
5248.4640 193.5283
5252.3054 194.1705
5261.1337 195.6553
5262.2307 195.8407
5313.7936 204.7731
5454.1851 231.3060
5501.1063 240.9128
5675.4348 279.9817
5895.6055 337.3684
6323.6930 478.1966
6347.6616 487.3752
6502.0985 550.2772
6712.0315 647.3978
6922.3689 760.8150
7058.9179 845.1143
7319.9700 1037.9639
7360.8358 1073.0839
7445.2859 1151.3076
7449.1735 1155.1148
7467.0646 1172.8957
7506.0799 1213.2524
7576.8909 1292.9621
7629.6279 1359.0852
7680.9547 1430.7789
7751.0045 1545.4504
7756.0230 1554.6861
7775.3032 1591.8540
7849.7935 1775.9634
7891.2823 1964.6044
7898.4715 2043.2789
80
8093.5542 2213.4955
8089.0359 2247.9804
8081.2390 2293.4785
8080.3872 2297.8114
8048.4358 2420.0995
8046.2738 2426.6968
8027.0344 2480.2634
8026.5426 2481.5309
8018.4908 2501.6932
7986.9924 2572.0408
7687.9259 2984.1363
7634.5483 3036.3451
7600.4160 3067.8698
7540.2669 3120.3632
7537.2474 3122.9040
7379.2978 3245.2298
7359.4396 3259.3159
7266.5786 3321.9636
7120.8045 3410.9863
6967.1452 3494.5858
6722.8219 3610.0335
6659.6076 3636.9132
6544.4181 3683.0998
6427.9112 3726.4094
6311.7124 3766.4579
6259.0687 3783.6287
5923.2179 3880.1599
5839.2635 3901.0388
5813.8729 3907.1137
5813.7421 3907.1447
5333.5201 4002.5265
5275.8553 4011.6331
5149.5356 4029.9271
5041.2871 4043.8350
4999.6864 4048.7537
4945.4667 4054.8137
4920.9404 4057.4254
4878.0228 4061.8028
4512.7312 4089.3248
4386.8645 4094.8502
4278.2285 4098.0137
4092.5581 4099.9965
4023.7857 4099.6369
3944.0546 4098.4795
3651.1316 4087.3674
3629.3988 4086.1102
3618.2299 4085.4406
3496.3938 4077.0976
3378.9906 4067.2408
3308.0167 4060.4057
3100.6135 4036.5709
3035.8330 4027.9230
2931.3175 4012.7324
2916.9040 4010.5159
2668.0538 3967.4535
2298.8439 3885.7657
2241.4974 3871.0144
2149.2059 3846.0242
2054.0804 3818.5905
1784.0312 3730.6662
1569.3944 3648.8734
1287.6502 3522.2068
1243.6300 3500.1027
1162.6385 3457.5629
1097.5558 3421.4886
550.3840 3021.9851
522.1122 2994.2481
458.8485 2927.9517
458.6185 2927.6987
441.7560 2908.8960
438.8716 2905.6269
348.0359 2793.3191
323.6074 2759.3290
251.9158 2645.9506
249.0799 2640.9285
233.8931 2613.1318
216.1791 2578.5226
197.7831 2539.5178
161.1597 2448.4026
128.4583 2338.1474
116.9661 2284.0113
100.0186 2106.0933
100.2020 2079.8988
100.3681 2072.8664
100.9488 2056.4402
101.1321 2052.4203
102.7014 2026.5088
104.9223 2000.8106
214.7388 1624.4094
269.4264 1524.0863
298.1188 1478.3692
308.3536 1462.9330
338.1378 1420.2219
344.6736 1411.2469
349.9227 1404.1336
392.6238 1349.1069
406.1668 1332.6024
467.7349 1262.3470
500.8466 1227.3468
539.1705 1188.8890
622.4428 1111.7445
644.4391 1092.6397
646.6368 1090.7574
648.1898 1089.4301
738.0744 1016.3192
866.8090 922.4521
998.5044 836.9952
1309.5377 667.0555
1472.8853 591.8332
1547.4001 560.1758
1659.0036 515.5808
1707.0739 497.3534
1829.0519 453.5800
2103.8382 366.8426
2106.2784 366.1406
2198.6108 340.4035
2284.9268 317.7606
2991.0015 178.4042
3000.5530 177.0325
3264.1334 144.1545
3300.7346 140.3333
3328.0523 137.5973
3474.7051 124.5883
3617.1342 114.6259
3691.3248 110.4658
3821.5153 104.8530
3846.4514 104.0220
4129.0938 100.0529
4336.3925 103.4956
4868.0377 137.2138
4991.9060 150.3524
5061.9324 158.6933
5690.4793 264.8995
5742.1377 276.3098
5756.5334 279.5676
5797.1136 288.9364
5804.6687 290.7112
5905.0508 315.2177
6031.4852 348.6173
6383.9421 458.0798
6471.4882 489.4067
6550.0816 519.0904
6659.3575 562.9827
7005.2625 725.2773
7061.7084 755.7267
7207.6169 840.7624
7214.6315 845.1026
7282.3881 888.3476
7360.2603 941.2611
7428.6897 990.9661
7442.2094 1001.1783
7539.6644 1079.1292
7812.3636 1355.2926
7828.4715 1375.6899
7854.9822 1410.7779
7923.4451 1512.3634
8018.7232 1698.8739
8068.6492 1850.0883
8070.6010 1857.9628
8095.7799 2008.1532
80
8099.8054 2119.7301
8097.2561 2174.0664
8089.5877 2244.2135
8070.3995 2342.8619
8052.4739 2407.3882
8048.6519 2419.4324
8033.7024 2462.6244
7926.4374 2682.7472
7825.4348 2828.2059
7724.1364 2946.4093
7714.1443 2957.0241
7650.3878 3021.2419
7519.9823 3137.2706
7418.8099 3216.4118
7231.3158 3344.4739
7229.0514 3345.8970
7202.3829 3362.4600
7059.0223 3445.7514
7055.8008 3447.5201
6889.6190 3533.3550
6575.5318 3670.9664
6536.9824 3685.9632
6197.8102 3802.8794
6179.0300 3808.6277
6116.8094 3827.1711
6009.7464 3857.3324
5925.8399 3879.4879
5754.2857 3920.9433
5621.7160 3949.6203
5390.7060 3993.0186
5275.2029 4011.7334
5274.9835 4011.7671
4932.4938 4056.2051
4869.2246 4062.6700
4791.0172 4069.9299
4718.6181 4075.9372
4595.2980 4084.6083
4535.1749 4088.1287
4450.2549 4092.3178
4434.8559 4092.9796
4170.4145 4099.6901
4127.5013 4099.9527
4003.7749 4099.4212
3943.2532 4098.4638
3550.6057 4081.0455
3434.1259 4072.0935
3029.4123 4027.0341
2823.2068 3995.3759
2671.4086 3968.0957
2602.5909 3954.5731
2373.2691 3904.0510
2125.2843 3839.2885
2110.6468 3835.1134
1994.2267 3800.4204
1873.9890 3761.6915
1844.0184 3751.5559
1793.5705 3734.0428
1655.0061 3682.8775
1599.8319 3661.1822
1237.6066 3497.0240
1187.6655 3470.9766
1166.4552 3459.6245
1144.6596 3447.7725
952.4852 3334.2154
638.3372 3102.1091
431.8550 2897.6077
420.0247 2883.8657
326.2386 2763.0846
324.6435 2760.8107
277.5602 2689.2694
271.6184 2679.5460
270.9342 2678.4149
199.9127 2544.2182
152.9055 2424.2087
144.7585 2398.3557
107.7124 2224.1370
100.1710 2081.5079
100.7552 2061.1374
102.0927 2035.3138
104.0859 2009.6246
107.0250 1981.5190
109.8026 1960.0674
136.1257 1831.8113
143.8720 1804.5972
217.2014 1619.4080
346.5482 1408.6969
390.6786 1351.5124
527.2239 1200.6571
533.7741 1194.1809
565.4812 1163.6271
652.3714 1085.8677
820.3526 955.0204
1055.1726 802.9817
1076.8178 790.3847
1283.4221 679.8866
1329.0124 657.6384
1385.9436 630.8253
1443.4255 604.7900
1455.2653 599.5519
1507.0818 577.1101
1837.5729 450.6498
1847.5529 447.2385
1905.1459 427.9791
1937.3683 417.5149
2036.6037 386.6410
2117.9018 362.8121
2561.3056 253.8947
2717.3740 223.2778
2806.1129 207.5244
3208.1822 150.3423
3733.1448 108.4292
4049.5377 100.1592
4060.7483 100.0963
4239.8936 101.2235
4262.1777 101.6445
4270.5358 101.8185
4290.4183 102.2675
4304.8726 102.6250
4328.6466 103.2701
4337.6117 103.5318
4475.4945 108.8318
4483.0963 109.1938
4649.1332 118.9364
5099.5575 163.4512
5270.8653 187.6013
5571.4972 240.2490
5585.5279 243.0397
5686.8854 264.1218
6178.7558 391.2889
6301.3188 430.1051
6328.3530 439.0934
6332.8267 440.5961
6578.8651 530.3481
6671.4058 568.0182
6674.5613 569.3438
6778.3547 614.5357
6949.9290 696.6197
6959.3680 701.4280
7084.9659 768.6493
7187.1164 828.2185
7359.5431 940.7568
7388.8504 961.6390
7425.6767 988.7086
7535.9163 1075.9786
7670.5370 1198.4367
7743.8272 1274.9965
7846.8901 1399.8545
7879.0805 1444.5324
7898.0490 1472.5402
7929.4800 1522.2710
7931.4840 1525.6024
7950.0972 1557.6092
7964.5558 1583.9552
7970.0509 1594.3553
8001.3600 1658.5847
8029.7385 1726.7857
8046.7861 1774.8541
8059.0064 1814.4004
8081.1345 1905.9846
8099.8926 2085.3464
100
6100.0000 2100.1330
6099.9788 2109.2187
6090.9004 2290.5664
6089.0895 2308.6218
6088.5602 2313.6081
6086.7384 2329.9359
6086.2862 2333.8101
6035.5318 2603.7028
6028.1868 2631.1269
5981.5257 2778.1306
5976.8807 2790.8827
5945.9615 2869.6922
5933.4821 2898.9639
5901.4211 2968.8395
5846.1304 3075.2069
5831.0628 3101.7094
5593.6793 3430.0083
5476.2581 3551.1766
5475.0632 3552.3089
5424.1856 3598.8437
5278.9373 3715.5825
5256.0566 3732.0335
5251.5722 3735.2007
5103.5992 3829.9678
4961.3128 3905.0319
4934.5554 3917.5580
4920.6241 3923.8904
4851.5293 3953.4302
4778.0531 3981.5536
4747.6161 3992.2456
4739.5299 3994.9938
4714.5327 4003.2471
4681.8999 4013.4766
4604.5865 4035.3016
4582.9583 4040.8120
4436.7433 4071.4472
4414.0438 4075.1902
4360.1830 4083.0040
4358.7265 4083.1945
4235.9911 4095.3712
4212.7204 4096.8210
4202.4598 4097.3738
3904.8717 4090.4585
3861.4942 4085.7278
3807.4910 4078.4940
3751.1742 4069.3452
3748.7054 4068.9063
3550.2073 4022.9477
3545.7083 4021.6557
3507.2365 4010.1391
3332.8717 3947.0285
3323.8765 3943.2667
3248.9313 3909.8845
3216.6910 3894.3704
3188.2141 3880.0692
3169.6316 3870.4278
3124.7923 3846.1300
3083.9602 3822.6907
3046.9761 3800.3355
3017.7290 3781.8708
2957.5801 3741.6080
2953.7996 3738.9706
2848.0825 3659.7123
2814.5865 3632.2245
2613.5586 3438.0927
2610.6925 3434.9019
2567.2195 3384.7506
2556.4255 3371.7617
2549.6395 3363.4802
2506.8118 3309.0291
2499.3322 3299.1091
2468.8309 3257.2759
2421.0724 3186.8312
2405.0493 3161.6694
2402.8896 3158.2138
2381.3986 3122.9415
2337.3800 3045.0771
2337.0814 3044.5199
2320.0613 3012.0407
2315.2577 3002.6045
2297.8571 2967.3414
2264.4234 2894.1401
2258.2382 2879.6880
2252.1743 2865.2059
2247.5855 2854.0296
2213.6098 2764.4788
2150.0118 2544.4613
2141.9301 2507.3848
2138.6220 2491.1473
2125.3985 2417.7244
2108.7900 2287.3035
2101.8624 2186.2915
2100.3917 2139.5801
2100.3311 2136.3884
2101.5280 2021.8350
2103.3517 1984.2616
2104.2603 1969.5275
2107.2965 1929.3167
2114.8028 1857.1169
2117.2366 1837.9896
2118.1278 1831.3320
2120.9076 1811.5673
2128.8267 1761.6574
2136.3511 1720.4173
2136.7456 1718.3823
2162.5098 1603.8835
2170.1529 1574.9381
2185.2722 1522.2305
2189.9043 1507.0965
2190.6873 1504.5798
2228.0969 1395.7425
2230.5620 1389.2247
2292.0421 1244.8461
2315.6186 1196.6823
2336.9015 1155.8158
2387.5200 1066.8436
2520.1979 873.5314
2543.4048 844.2088
2592.0506 786.1931
2600.1615 776.9413
2685.2721 686.3009
2860.8231 530.1463
2911.6758 491.3094
2914.6812 489.0936
2924.1005 482.2051
2927.6025 479.6655
2975.5242 446.0489
3018.6018 417.5678
3086.7254 375.6814
3108.4113 363.1201
3139.7009 345.6267
3217.9624 305.0043
3232.4867 297.9399
3243.4703 292.6935
3323.2979 256.9770
3350.9122 245.5817
3473.6910 200.5956
3553.8635 176.0107
3561.6123 173.8280
3563.4071 173.3272
3566.5405 172.4573
3599.7371 163.5762
3630.1404 155.9753
3651.7589 150.8772
3736.8537 133.2451
3751.0136 130.6832
3818.6605 119.8868
3832.9491 117.9092
3965.9838 104.4951
3972.5236 104.0667
4174.3857 101.3838
4185.2074 101.8159
4225.5442 103.9442
4378.6484 119.5064
4416.9934 125.2810
4463.9674 133.3969
4627.6527 170.8596
4723.6175 199.7102
4804.9829 228.3699
4810.4127 230.4242
4881.0910 258.8327
5014.0608 321.0979
5062.8350 347.0172
5104.8715 370.7709
5134.4041 388.2734
5353.6929 541.7143
5408.9797 587.8584
5412.6575 591.0500
5521.4843 693.0948
5534.6766 706.5500
5557.4572 730.3947
5601.4807 778.8052
5618.8070 798.7601
5640.4925 824.5068
5714.4144 919.4636
5748.1051 966.9733
5771.2248 1001.3609
5830.2800 1096.9390
5844.3951 1121.6925
5855.0832 1140.9990
5856.0829 1142.8308
5869.4852 1167.8400
5876.2495 1180.7950
5905.2251 1239.0921
5928.4451 1289.5751
5960.3870 1365.8608
5982.0153 1423.2294
6011.3029 1510.9998
6026.6117 1563.1878
6053.1533 1669.6605
6055.8205 1681.9497
6068.9208 1748.7867
6071.6409 1764.3927
6076.3805 1793.5364
6080.3046 1820.0114
6083.6883 1845.0865
6088.9568 1890.1169
6097.1313 1992.9170
6098.6162 2025.6150
6098.9630 2035.6023
100
6499.4649 2142.2320
6499.1394 2153.5558
6482.5344 2340.8459
6480.6264 2353.6098
6454.0884 2489.3262
6440.9476 2540.9305
6432.0358 2572.5883
6418.3011 2617.3921
6417.1272 2621.0311
6396.8260 2680.1042
6396.1767 2681.8867
6371.2480 2746.2674
6364.0179 2763.6511
6350.0594 2795.8372
6289.9532 2918.2404
6281.2977 2934.1413
6215.1033 3045.1403
6207.3275 3057.1263
6180.6256 3096.8691
6137.9049 3156.3774
6097.1357 3209.1317
6070.5110 3241.7233
6037.1129 3280.7465
6028.7534 3290.2120
6027.9306 3291.1373
5968.0808 3355.6191
5897.2990 3425.4235
5876.2210 3445.0111
5872.7834 3448.1569
5827.5396 3488.3461
5821.0346 3493.9452
5792.8410 3517.7176
5582.5328 3672.7931
5562.3128 3685.8842
5505.6927 3721.0482
5504.7005 3721.6453
5292.5466 3835.6220
5263.3326 3849.3366
5122.9232 3909.2410
5067.6260 3930.2436
5064.5024 3931.3882
5015.0323 3948.9329
4962.5236 3966.3789
4836.1039 4003.6060
4616.6364 4053.1113
4587.6255 4058.2839
4552.9506 4064.0583
4497.3252 4072.4021
4425.8397 4081.4817
4401.6178 4084.1432
4241.8519 4096.5035
4146.0621 4099.6316
4117.7770 4099.9451
4058.7536 4099.7046
4033.4518 4099.2310
4021.4090 4098.9274
3780.7750 4082.2293
3709.5395 4073.3538
3676.4237 4068.6048
3576.7107 4051.8809
3510.0757 4038.6402
3477.2438 4031.4960
3462.8021 4028.2222
3209.3192 3957.1722
3170.1580 3943.7947
3112.7589 3922.9545
2986.2370 3871.5992
2874.6765 3819.6944
2709.3499 3730.0333
2670.2152 3706.3492
2643.5299 3689.6136
2615.3169 3671.3839
2592.0671 3655.9336
2551.4112 3627.9508
2533.1635 3614.9769
2503.8389 3593.5671
2397.2374 3509.4422
2369.5409 3485.8189
2330.9896 3451.5943
2316.9472 3438.7190
2273.9622 3397.8577
2207.4493 3329.9085
2141.5495 3256.0444
2124.2792 3235.4536
2021.3662 3099.7504
2014.8151 3090.2314
2014.4957 3089.7642
1994.2328 3059.5082
1971.5282 3024.0640
1962.1972 3008.9826
1946.0319 2982.0830
1925.7279 2946.7834
1921.7594 2939.6708
1902.9837 2904.9842
1884.6250 2869.2500
1867.4348 2833.9262
1855.1041 2807.3240
1730.8374 2419.5791
1728.7742 2408.7701
1723.6029 2379.8028
1723.3861 2378.5210
1715.0936 2323.9507
1714.6163 2320.3920
1712.7788 2306.1131
1707.9701 2262.8589
1702.2352 2186.2963
1723.1403 1822.9395
1730.0698 1784.3980
1732.1508 1773.7309
1744.1234 1718.2593
1751.8994 1686.3245
1778.2828 1593.3571
1802.5415 1521.6375
1806.2211 1511.5825
1965.6168 1185.4538
1966.2150 1184.4849
2017.3688 1106.0435
2029.5109 1088.5809
2058.3451 1048.6631
2074.6075 1027.0416
2088.7676 1008.7010
2146.5717 938.0698
2154.3121 929.0855
2183.3505 896.2862
2246.3538 829.6119
2332.3439 747.1758
2423.9988 668.4556
2424.7364 667.8562
2476.6947 626.8892
2530.4687 586.9614
2566.8762 561.2570
2679.8687 487.7149
2945.0619 346.8049
2959.3339 340.3282
3132.6907 269.6401
3160.2473 259.6979
3241.6652 232.2806
3326.5041 206.7180
3411.2013 184.1385
3508.2293 161.7506
3686.9011 129.8496
3748.0802 121.6181
3877.4302 108.6188
3891.8303 107.5376
3943.7922 104.2408
4054.0660 100.3663
4244.1112 103.6088
4284.8290 105.9397
4324.6679 108.7824
4343.8501 110.3502
4560.9542 137.2353
4727.2503 169.5141
4919.2845 220.1409
4948.0096 229.0081
4978.9342 238.9454
5003.5955 247.1652
5036.2356 258.4535
5125.1225 291.6237
5137.5926 296.5693
5321.0399 378.1910
5393.0253 415.0821
5469.8070 457.7563
5478.5435 462.8408
5669.8054 587.1589
5749.3106 647.0876
5835.0324 718.1578
5840.3009 722.7662
5909.4720 786.1288
5940.3093 816.2172
5965.0066 841.2113
5988.9666 866.2711
5991.9839 869.4860
6005.7023 884.2759
6012.3117 891.5046
6067.5128 954.6915
6109.9350 1007.0423
6114.8532 1013.3491
6124.1062 1025.3573
6177.1319 1098.0841
6179.9929 1102.2144
6188.1683 1114.1441
6277.1842 1258.4287
6280.1384 1263.7566
6282.3339 1267.7429
6346.4615 1396.1363
6349.8083 1403.5993
6362.9415 1433.8046
6371.4997 1454.3472
6386.8360 1493.1062
6427.0794 1610.7394
6433.0380 1630.8594
6449.5181 1691.9518
6449.9898 1693.8427
6473.6296 1804.3337
6474.5768 1809.6640
6475.2392 1813.4513
6482.9093 1861.7433
6494.4135 1963.6180
6497.0800 2001.3730
6499.4189 2055.9900
100
8099.9882 2104.8642
8099.8285 2118.5200
8097.6168 2169.0290
8091.5283 2230.0980
8089.8944 2242.0764
8088.8989 2248.9004
8087.9705 2254.9928
8086.3178 2265.2802
8040.9416 2442.4103
8024.8243 2485.9256
8009.1594 2523.8139
7985.7971 2574.4947
7979.9033 2586.4027
7972.4866 2600.9610
7949.8893 2642.7596
7881.0347 2752.6439
7798.8688 2861.3097
7714.7280 2956.4084
7714.0394 2957.1346
7630.7979 3039.8759
7615.6740 3053.9440
7601.3888 3066.9897
7550.7080 3111.5106
7539.0845 3121.3591
7520.8166 3136.5826
7363.2639 3256.6232
7329.8937 3279.8079
7316.6417 3288.8247
7237.1169 3340.8160
7203.1327 3361.9992
7165.6286 3384.7102
7063.4258 3443.3268
7033.6381 3459.5742
7013.8241 3470.1851
6947.5925 3504.5655
6902.7825 3526.9207
6861.4927 3546.9069
6854.3455 3550.3086
6799.5443 3575.8439
6745.3904 3600.1591
6557.1320 3678.1716
6555.4245 3678.8358
6361.6259 3749.6248
6173.1677 3810.4075
6058.8704 3843.7622
5863.0590 3895.2453
5809.6604 3908.1110
5804.8328 3909.2502
5698.9830 3933.2521
5674.4920 3938.5439
5642.6245 3945.2852
5538.0679 3966.2771
5429.2567 3986.3375
5426.5383 3986.8158
5313.8960 4005.6794
5296.0437 4008.4994
5243.4743 4016.5377
4929.3352 4056.5405
4848.9732 4064.6271
4785.2335 4070.4349
4753.4319 4073.1337
4675.1251 4079.2190
4575.9695 4085.7903
4531.2218 4088.3440
4473.7388 4091.2508
4197.0936 4099.4107
4128.1859 4099.9503
4097.8185 4099.9997
4059.1637 4099.8958
3834.2994 4095.5828
3816.1726 4094.9588
3714.0231 4090.6671
3694.0855 4089.6754
3603.0176 4084.5030
3491.9249 4076.7552
3375.3223 4066.9038
3240.9115 4053.3284
3133.8510 4040.7831
3106.1720 4037.2858
3006.5254 4023.8187
2596.9411 3953.4302
2498.1615 3932.6288
2276.9055 3880.1914
1975.4159 3794.5606
1928.2863 3779.5580
1858.2766 3756.4024
1718.0275 3706.7208
1561.6052 3645.6836
1544.1508 3638.4761
1542.9658 3637.9838
1505.7872 3622.3386
1484.6753 3613.2809
1472.7700 3608.1166
1166.0051 3459.3817
1130.8278 3440.1508
1120.3330 3434.3148
988.5847 3356.8905
977.4819 3349.9880
974.0740 3347.8568
971.8354 3346.4536
953.7475 3335.0198
449.4991 2917.5945
323.0344 2758.5079
300.5034 2725.2650
235.9909 2617.0671
205.5705 2556.4589
152.8284 2423.9740
136.1744 2368.3686
118.4906 2292.0827
105.7051 2206.7800
102.4253 2169.6360
100.0952 2113.8004
113.3522 1936.7214
119.1755 1904.4007
139.6146 1819.2208
160.1366 1754.5018
216.3705 1621.0893
369.3825 1378.4577
428.5502 1306.2027
502.7641 1225.3723
509.4091 1218.5726
593.5691 1137.5886
645.0862 1092.0850
690.3631 1054.2495
810.2835 962.2648
857.6422 928.7703
1089.5091 783.0960
1109.0713 771.9991
1212.2141 716.1022
1227.4421 708.2016
1268.3282 687.4107
2067.6658 377.3844
2103.1849 367.0308
2116.4796 363.2180
2134.8956 357.9922
2343.3345 303.1885
2545.8198 257.1406
2604.0033 245.1419
2627.0815 240.5302
2649.6760 236.0955
2691.3945 228.1139
3123.2833 160.5397
3124.5666 160.3783
3131.4493 159.5162
3419.6278 129.1440
3549.9237 119.0018
3888.1557 102.8068
4098.2830 100.0002
4162.0244 100.2405
4183.7817 100.4388
4200.9122 100.6366
4222.9047 100.9443
4302.8312 102.5729
4354.0760 104.0387
4422.3159 106.5035
4729.4957 124.9218
4788.8288 129.8785
4881.2692 138.5198
5018.2872 153.4165
5325.6189 196.1973
5328.7959 196.7094
5332.8087 197.3582
5391.8226 207.1718
5398.5471 208.3225
5410.6745 210.4146
5466.4507 220.3183
5962.0037 329.9052
6042.5167 351.6702
6052.2255 354.3758
6173.3577 389.6501
6566.7649 525.5897
6608.9488 542.3434
6609.8439 542.7040
6725.0391 590.9299
6772.9170 612.0891
6991.0934 717.8297
7033.3604 740.2760
7063.0754 756.4800
7089.9766 771.4632
7165.3767 815.1395
7207.2280 840.5225
7301.5196 901.0137
7354.8509 937.4655
7459.3084 1014.2920
7501.8586 1047.9356
7529.5050 1070.6197
7582.7937 1116.3654
7705.8437 1234.2790
7713.1705 1241.9501
7840.2054 1390.9755
7849.0211 1402.7123
7905.2824 1483.5938
7914.1295 1497.4189
7951.6587 1560.3878
7987.7912 1629.6066
7997.6733 1650.5162
8031.2317 1730.7381
8038.7832 1751.4362
8053.4997 1795.9275
8095.9631 2010.1682
100
8096.1288 2187.9700
8095.5760 2194.0380
8094.5535 2204.3339
8086.3453 2265.1144
8049.1642 2417.8451
8042.6758 2437.3823
8005.9253 2531.2041
7973.9232 2598.1765
7959.0239 2626.2924
7958.5255 2627.2051
7923.6542 2687.2965
7885.2149 2746.5579
7784.0500 2879.0661
7771.2469 2894.0319
7635.9184 3035.0509
7566.1408 3098.2320
7515.3372 3141.0898
7347.2542 3267.8335
7294.6321 3303.5703
7207.0363 3359.5957
7039.5729 3456.3656
6971.2278 3492.4844
6931.8750 3512.4875
6899.7622 3528.4022
6776.0917 3586.4835
6756.2447 3595.3565
6750.1123 3598.0742
6706.1519 3617.2320
6461.2252 3714.3587
6215.3974 3797.4314
6158.5614 3814.8123
6083.7848 3836.7065
5888.6643 3888.9019
5860.6934 3895.8256
5830.3946 3903.1732
5622.0688 3949.5477
5561.3707 3961.7462
5532.2890 3967.3878
5501.8952 3973.1451
5452.9290 3982.1253
5405.5737 3990.4680
5264.3639 4013.3908
5259.4986 4014.1292
5151.9989 4029.5918
5048.9083 4042.9085
4834.6925 4065.9748
4560.2317 4086.7176
4540.9627 4087.8098
4429.4689 4093.2041
4190.7584 4099.4851
4025.6470 4099.6544
3751.5029 4092.3949
3660.4385 4087.8874
3529.0020 4079.5177
3342.6819 4063.8272
2636.1645 3961.2620
2338.3043 3895.5799
2306.7812 3887.7616
2218.1529 3864.8408
2171.9400 3852.3259
2150.6294 3846.4216
1856.8773 3755.9288
1603.3010 3662.5695
1459.3558 3602.2482
1397.1638 3574.3368
1389.6181 3570.8696
1208.8043 3482.1168
1204.5047 3479.8648
1203.0103 3479.0804
1179.4712 3466.6118
1154.3770 3453.0803
1143.0721 3446.9018
1137.2756 3443.7135
1116.1911 3431.9989
1096.2398 3420.7408
1084.3982 3413.9773
992.0284 3359.0187
931.9709 3321.0233
898.4250 3298.9493
872.5884 3281.5048
677.1976 3134.9425
546.7427 3018.4719
533.4967 3005.5460
478.6195 2949.3531
457.5984 2926.5758
451.6193 2919.9571
400.2900 2860.2871
342.8870 2786.3129
330.3915 2768.9641
320.7385 2755.2065
319.3351 2753.1793
286.7605 2703.9877
244.9268 2633.4816
221.7644 2589.7165
135.0778 2364.2877
103.3344 2181.6456
100.1272 2115.9506
100.0377 2091.3181
102.0518 2035.9483
107.8214 1974.9898
110.2129 1957.1727
113.2721 1937.2114
137.0456 1828.4341
138.3670 1823.6559
147.6657 1792.1634
154.1244 1772.1029
185.2495 1689.2908
209.0917 1636.0946
273.6438 1517.1196
340.9425 1416.3542
344.5092 1411.4710
346.9294 1408.1798
422.0377 1313.7760
447.0514 1285.1432
597.1158 1134.3652
745.5440 1010.5477
787.2880 979.0696
820.9872 954.5661
882.8269 911.5349
905.2821 896.4866
955.0944 864.1229
1038.8579 812.6180
1072.9328 792.6301
1078.7411 789.2755
1193.0095 726.1908
1218.4474 712.8577
1270.6221 686.2620
1473.3190 591.6444
1833.7482 451.9631
1877.7257 437.0586
1895.6008 431.1213
2023.7848 390.5169
2061.9208 379.0821
2169.4237 348.3668
2307.8437 311.9721
2486.4306 269.9458
2508.2694 265.1707
2510.5349 264.6798
2743.5465 218.5090
2890.9510 193.5504
2903.8418 191.5186
2912.3002 190.1984
3013.4640 175.1987
3060.6521 168.6950
3427.1033 128.5025
3533.5545 120.1553
3772.8205 106.7016
4018.2066 100.4182
4077.2573 100.0323
4095.3913 100.0013
4106.5454 100.0027
4392.2048 105.3436
4688.3122 121.7502
4714.4084 123.7344
4779.5140 129.0700
4829.0349 133.4988
4929.2074 143.4459
5059.9944 158.4535
5140.4285 168.8405
5351.2320 200.3672
5472.8386 221.4824
5516.1369 229.5351
5851.8453 302.0124
5859.4089 303.8597
6059.2237 356.3370
6060.7863 356.7762
6245.6925 412.1016
6264.6861 418.1755
6329.7884 439.5751
6364.4240 451.3351
6625.9489 549.2274
6929.6249 686.3856
7047.3613 747.8664
7092.3082 772.7762
7119.3457 788.1739
7127.4800 792.8691
7218.6119 847.5764
7226.6703 852.6094
7315.5437 910.4330
7337.7159 925.5644
7449.5813 1006.8046
7575.7775 1110.1805
7650.3885 1178.7588
7673.5381 1201.4142
7674.5840 1202.4549
7709.1460 1237.7261
7713.2352 1242.0181
7719.6439 1248.7982
7724.8515 1254.3565
7742.5207 1273.5553
7745.1751 1276.4864
7758.7755 1291.7052
7759.1925 1292.1772
7884.7424 1452.7510
7989.3829 1632.9077
8023.5707 1710.9007
8056.4834 1805.7895
8081.1735 1906.1847
8088.3563 1947.5091
8099.7981 2079.9050
100
8099.8774 2115.6582
8098.0995 2161.6445
8084.4219 2276.3392
8080.7144 2296.1585
8002.4618 2538.9738
7977.4619 2591.2456
7970.2954 2605.1766
7929.9715 2676.9138
7842.2096 2806.3758
7830.2585 2822.0061
7812.9653 2843.9572
7789.0798 2873.0929
7690.8518 2981.1616
7622.4345 3047.6887
7593.0594 3074.4917
7566.7189 3097.7299
7500.2894 3153.3319
7419.5891 3215.8324
7416.1410 3218.3927
7394.7330 3234.1004
7335.8287 3275.7352
7329.8307 3279.8510
7273.5484 3317.4348
7231.9023 3344.1049
7117.2767 3413.0157
6873.7419 3541.0375
6732.5950 3605.7759
6620.6955 3652.9081
6430.1497 3725.6077
6314.0911 3765.6681
6103.2134 3831.1222
6022.9261 3853.7357
5843.4161 3900.0348
5822.9245 3904.9606
5745.9537 3922.8300
5583.6873 3957.3282
5559.7305 3962.0679
5537.0876 3966.4659
5470.0381 3979.0287
5210.8942 4021.3221
5199.6417 4022.9397
5170.4123 4027.0585
5058.0217 4041.7900
5038.8541 4044.1292
5038.1832 4044.2101
4715.5853 4076.1740
4206.1360 4099.2958
4112.8681 4099.9897
4109.4278 4099.9944
3735.3439 4091.6718
3674.3350 4088.6433
3649.0275 4087.2483
3645.1037 4087.0247
3556.5170 4081.4531
3555.8810 4081.4095
3475.9216 4075.5079
3296.6829 4059.2525
3295.2751 4059.1081
3209.3932 4049.7961
2955.9447 4016.4510
2772.2995 3986.6115
2593.4933 3952.7302
2526.3059 3938.7147
2459.1374 3923.9771
2270.0277 3878.4264
2199.6759 3859.8841
2083.7354 3827.3301
2033.2724 3812.3549
1998.3270 3801.6882
1951.0340 3786.8569
1866.5285 3759.1869
1849.3098 3753.3597
1718.5441 3706.9122
1502.6319 3620.9930
1081.7487 3412.4556
982.0310 3352.8238
962.7497 3340.7317
869.1011 3279.1197
707.7655 3159.8048
695.7810 3150.1539
689.8621 3145.3420
667.3269 3126.7370
588.8875 3058.1348
588.3795 3057.6692
473.5262 2943.9028
450.7814 2919.0244
375.7416 2829.7088
357.5523 2806.0604
254.5628 2650.5934
246.8373 2636.9211
193.4022 2529.6782
179.3377 2496.3606
171.3417 2476.0464
161.2143 2448.5567
160.1038 2445.4048
151.4307 2419.6876
143.5777 2394.4158
126.0742 2327.9876
123.1538 2314.8806
113.5083 2264.2283
105.7005 2206.7374
100.1782 2118.8772
100.0042 2102.9137
100.0350 2091.6313
107.4825 1977.7253
139.9385 1818.0813
154.2702 1771.6647
170.1611 1727.0501
176.4253 1710.9109
204.5076 1645.8141
284.9295 1498.9099
354.8099 1397.5844
406.3417 1332.3920
465.9588 1264.2751
540.5907 1187.5027
551.2926 1177.1408
554.6164 1173.9526
732.9813 1020.2795
784.1050 981.4250
834.4048 945.0229
990.3802 841.9991
1120.0125 765.8641
1150.7226 748.9113
1189.9114 727.8316
1432.4419 609.6868
1440.0245 606.3024
1597.9424 539.5748
1669.5024 511.5510
1767.8875 475.0961
1837.4874 450.6792
2097.7646 368.5950
2146.3493 354.7744
2427.0237 283.3306
2907.5828 190.9334
3004.4695 176.4737
3036.6330 171.9666
3219.3849 149.0696
3290.7985 141.3530
3295.4073 140.8784
3393.6523 131.4299
3409.7824 130.0000
3449.1733 126.6510
3501.6470 122.5032
3510.2992 121.8536
3525.2371 120.7547
3562.4802 118.1402
3799.2688 105.6605
3920.2162 102.0212
4041.3009 100.2154
4086.1267 100.0120
4091.9362 100.0041
4187.1158 100.4744
4189.7695 100.5037
4304.4070 102.6131
4448.9049 107.6229
4502.3074 110.1414
4590.1937 115.0749
4595.4621 115.4020
4718.9754 124.0907
4894.5275 139.8517
5096.9290 163.1125
5226.0937 180.8913
5342.2946 198.9014
5362.0400 202.1555
5362.2250 202.1863
5390.6257 206.9677
5557.7866 237.5515
5583.9838 242.7310
5644.3775 255.0814
5676.9928 261.9920
5705.9213 268.2647
5726.6632 272.8460
5794.0978 288.2306
5944.2393 325.2619
6330.5960 439.8463
6615.4150 544.9528
6620.9584 547.1986
6658.4979 562.6249
6705.6815 582.5660
6746.2702 600.2289
7366.1971 945.4485
7378.7339 954.3665
7389.4843 962.0970
7412.3885 978.8307
7424.6237 987.9212
7485.8474 1035.1013
7525.9131 1067.6339
7562.1433 1098.3060
7609.1336 1140.0545
7694.8711 1222.9450
7720.9533 1250.1916
7830.0888 1377.7747
7882.1939 1449.0373
7918.3374 1504.1184
7927.1736 1518.4628
7991.2359 1636.7822
8076.0249 1881.3532
8076.8491 1885.1333
8091.0016 1965.9236
8099.9860 2094.7132
4
7939.8147 2660.3175
5074.8080 4039.7003
4586.6645 4085.1422
2902.5946 4008.2859
464.3232 2933.9446
103.2924 2018.8696
3192.0657 152.2028
4970.8838 147.9779
5
6044.4737 2567.9978
5752.5635 3226.5140
5148.8242 3802.9292
4598.8042 4036.8000
2595.7279 3418.0157
2435.7039 3209.1070
2438.4012 986.8561
5670.0124 861.0242
5975.8870 1406.4238
6039.8112 1613.0375
5
8099.9936 2103.5838
4627.7409 4082.5167
150.8061 2417.7527
195.1603 1666.3448
1733.1984 487.6841
2021.0163 391.3582
3318.1078 138.5818
4631.3303 117.7230
4873.9211 137.7917
7352.7630 936.0055
10
5753.6348 3224.9409
5149.5534 3802.4799
4981.5145 3895.2527
4874.2255 3944.0648
4104.0842 4099.9958
3949.5809 4094.3355
3483.7467 4002.6907
3388.8217 3969.2847
3179.1450 3875.3946
2416.3331 3179.4747
2204.9169 2739.2653
2124.7059 2413.3897
2285.5039 1258.8080
2990.7582 435.7937
3600.9358 163.2669
3680.7381 144.4388
4022.7976 101.4906
4925.4316 278.2803
5376.3873 560.2482
5938.8611 1313.4953
10
7098.7011 2158.8465
6996.5201 2620.7564
6985.5983 2647.0416
6609.9446 3195.4812
4735.2799 4054.6434
3621.2804 4074.3722
2394.8949 3745.5484
1105.1428 1982.9428
1118.1097 1880.5763
1139.3285 1777.2176
1240.8686 1494.3351
1536.2200 1061.4043
1599.6107 994.8497
1741.7751 863.7377
3192.9917 193.5972
4047.9876 100.3006
4132.7108 100.1189
4180.2482 100.7157
5122.7386 219.8102
5143.7903 224.9591
20
6756.8962 3028.7752
6684.1441 3115.9176
6532.7448 3270.3281
6474.2885 3322.5209
6099.4869 3591.0179
6091.9995 3595.4655
5285.8606 3937.1154
4009.5581 4099.0909
3611.4970 4073.3069
3438.0536 4050.7066
3434.7215 4050.2028
3073.1840 3979.2018
2560.4138 3816.5436
1249.0358 2722.5408
1235.0573 2693.3345
1192.1789 2591.9695
1100.0074 2104.4286
1100.5779 2060.7464
1100.6385 2058.7376
1262.8218 1450.0702
1372.0863 1267.7375
1630.6144 964.2898
1835.6873 788.0230
2981.3248 244.2503
3145.0212 204.0376
3458.9370 146.1959
4628.3601 131.2626
4820.9812 158.6161
6023.1950 565.0268
6086.5945 601.3425
6127.4984 625.8901
6329.2086 761.5716
6518.7481 916.8483
6518.7608 916.8599
6594.3113 988.7622
6852.3117 1304.2389
6979.5510 1538.9747
6980.7510 1541.7195
7032.6673 1678.6462
7033.1341 1680.0930
20
7693.8640 2216.7215
7594.1466 2581.4264
7584.8918 2601.7035
7535.6402 2697.4163
7492.0690 2769.8692
6258.0935 3700.7938
6214.4690 3718.6624
5727.5827 3883.9281
4447.0186 4090.6865
4290.8105 4097.1887
2888.5084 3983.3487
2273.7569 3823.5511
2245.4233 3814.1878
1619.7892 3549.6226
986.9549 3104.4577
848.2078 2958.1216
782.3384 2876.4118
563.5283 2474.0699
558.9580 2460.4786
545.3175 2416.3412
504.1496 2195.9998
572.7435 1699.9763
1158.0078 947.3485
1398.3510 778.1638
1568.0749 678.2384
1915.7590 510.1895
2534.8533 298.9102
2592.2416 283.8631
2660.6121 266.8213
2994.5551 196.6249
3531.0118 125.1385
3656.2195 115.2543
4023.9522 100.4463
4188.1307 100.5994
4261.5667 102.0152
4480.1287 111.1808
5892.8011 365.6463
5953.7909 385.5499
6875.3994 826.1948
6984.3713 903.2448
50
7098.9550 2152.7851
7084.1363 2305.4054
6807.7951 2960.9674
6585.4926 3219.9855
6515.3068 3286.2720
6380.4001 3399.5342
6326.2826 3440.5912
6294.8205 3463.4536
6209.3990 3522.1167
6068.1210 3609.4517
5967.1720 3665.4135
5943.6057 3677.7787
5842.0779 3728.2457
5623.2167 3823.0220
5591.5312 3835.2982
5189.5555 3963.4340
5173.7557 3967.5056
5037.9225 3999.7428
5002.7119 4007.3089
4954.9154 4017.0718
4551.3665 4077.2336
4430.1866 4087.8494
4351.0813 4092.9830
4218.2636 4098.4454
3911.2099 4096.0359
3632.8817 4075.6069
2730.7449 3879.5306
2718.6392 3875.3676
2566.1171 3818.8114
2507.9991 3795.1608
2337.3010 3718.3520
2288.9180 3694.4323
2145.1015 3617.0691
1802.0191 3385.6963
1672.2177 3274.8992
1496.2401 3093.4082
1481.9875 3076.6179
1433.6205 3016.6170
1418.6525 2997.0014
1293.7910 2807.1669
1230.6448 2683.7811
1203.4501 2620.6826
1101.1390 2044.8929
1126.0369 1837.0735
1133.7785 1800.7196
1180.4146 1640.0381
1190.8889 1611.4317
1206.5334 1571.7531
1232.2035 1512.8248
1344.0268 1309.8913
1350.9730 1299.2085
1480.5788 1125.0624
1551.4853 1044.8385
1649.6679 946.0940
1668.8979 928.1558
1704.8730 895.6806
1932.4134 717.3185
1987.8262 679.7149
2387.9448 457.6620
2457.3238 426.4655
2535.4623 393.5128
2538.8706 392.1261
2838.7052 285.3515
3067.5106 222.1803
3432.8154 150.0866
3460.4305 145.9784
3564.4056 132.1316
3632.6241 124.4202
3732.9498 115.0260
4065.2132 100.1345
4082.2672 100.0349
4223.2997 101.6899
4315.2821 105.1562
4596.5566 127.5868
4833.8409 160.7587
5011.6234 194.5758
5371.5825 288.5453
5432.9550 308.2620
5529.0638 341.4935
5646.2999 386.1406
5661.2198 392.1628
5810.1899 456.7985
6007.9836 556.6129
6114.3270 617.8864
6490.4528 891.5601
6540.5373 936.9049
6624.4974 1019.4831
6673.6778 1072.3420
6724.5152 1131.1702
6734.4311 1143.2060
6786.6691 1210.1039
6943.7604 1462.9838
6947.9965 1471.4511
6950.6925 1476.9066
6964.2507 1505.1824
7002.0998 1593.2381
7019.5457 1639.9261
7031.8723 1676.1945
7046.3965 1723.6152
7049.3497 1734.0393

